/*--------------------------------*- C++ -*----------------------------------*\
| Generated by src/cgrid.py — do not edit by hand.                            |
\*---------------------------------------------------------------------------*/
FoamFile
{
    version     2.0;
    format      ascii;
    class       dictionary;
    object      blockMeshDict;
}
// * * * * * * * * * * * * * * * * * * * * * * * * * * * * * * * * * * * * * //

scale   1;

vertices
(
    (1 0 0)
    (0.5 0.052861502 0)
    (0 0 0)
    (0.5 -0.052861502 0)
    (1 12 0)
    (-7.4852814 8.4852814 0)
    (-11 0 0)
    (-7.4852814 -8.4852814 0)
    (1 -12 0)
    (21 12 0)
    (21 0 0)
    (21 -12 0)
    (1 0 0.02)
    (0.5 0.052861502 0.02)
    (0 0 0.02)
    (0.5 -0.052861502 0.02)
    (1 12 0.02)
    (-7.4852814 8.4852814 0.02)
    (-11 0 0.02)
    (-7.4852814 -8.4852814 0.02)
    (1 -12 0.02)
    (21 12 0.02)
    (21 0 0.02)
    (21 -12 0.02)
);

blocks
(
    hex (0 4 5 1 12 16 17 13) (90 60 1) simpleGrading (161739.55710914795 1 1)  // upper aft
    hex (1 5 6 2 13 17 18 14) (90 60 1) simpleGrading (161739.55710914795 1 1)  // upper fwd
    hex (2 6 7 3 14 18 19 15) (90 60 1) simpleGrading (161739.55710914795 1 1)  // lower fwd
    hex (3 7 8 0 15 19 20 12) (90 60 1) simpleGrading (161739.55710914795 1 1)  // lower aft
    hex (0 10 9 4 12 22 21 16) (90 90 1) simpleGrading (12.0 161739.55710914795 1)  // wake upper
    hex (0 8 11 10 12 20 23 22) (90 90 1) simpleGrading (161739.55710914795 12.0 1)  // wake lower
);

edges
(
    polyLine 0 1
    (
        (0.99982866 2.4901135e-05 0)
        (0.99931477 9.9554236e-05 0)
        (0.99845867 0.00022380864 0)
        (0.99726095 0.00039741404 0)
        (0.99572243 0.00062002175 0)
        (0.99384417 0.00089118634 0)
        (0.99162745 0.0012103678 0)
        (0.9890738 0.0015769341 0)
        (0.98618496 0.0019901642 0)
        (0.98296291 0.0024492512 0)
        (0.97940987 0.0029533062 0)
        (0.97552826 0.0035013623 0)
        (0.97132075 0.0040923784 0)
        (0.96679021 0.0047252443 0)
        (0.96193977 0.0053987845 0)
        (0.95677273 0.0061117634 0)
        (0.95129264 0.0068628897 0)
        (0.94550326 0.0076508216 0)
        (0.93940856 0.0084741711 0)
        (0.9330127 0.0093315085 0)
        (0.92632008 0.010221368 0)
        (0.91933528 0.011142249 0)
        (0.91206309 0.012092626 0)
        (0.9045085 0.013070946 0)
        (0.89667667 0.014075635 0)
        (0.88857298 0.015105103 0)
        (0.88020298 0.016157745 0)
        (0.87157241 0.017231941 0)
        (0.86268719 0.018326063 0)
        (0.85355339 0.019438476 0)
        (0.84417729 0.020567537 0)
        (0.8345653 0.021711595 0)
        (0.82472402 0.022868997 0)
        (0.8146602 0.024038083 0)
        (0.80438071 0.025217191 0)
        (0.79389263 0.02640465 0)
        (0.78320312 0.027598786 0)
        (0.77231952 0.028797916 0)
        (0.76124928 0.030000351 0)
        (0.75 0.03120439 0)
        (0.73857938 0.032408324 0)
        (0.72699525 0.03361043 0)
        (0.71525555 0.03480897 0)
        (0.70336832 0.036002191 0)
        (0.69134172 0.037188322 0)
        (0.67918397 0.038365575 0)
        (0.66690343 0.039532139 0)
        (0.6545085 0.040686184 0)
        (0.64200767 0.041825856 0)
        (0.62940952 0.042949278 0)
        (0.61672268 0.044054552 0)
        (0.60395585 0.045139755 0)
        (0.59111776 0.046202943 0)
        (0.57821723 0.047242149 0)
        (0.5652631 0.048255388 0)
        (0.55226423 0.049240658 0)
        (0.53922955 0.050195938 0)
        (0.52616798 0.051119199 0)
        (0.51308847 0.052008402 0)
    )
    polyLine 1 2
    (
        (0.48691153 0.053676457 0)
        (0.47383202 0.054451228 0)
        (0.46077045 0.055183788 0)
        (0.44773577 0.055872128 0)
        (0.4347369 0.056514262 0)
        (0.42178277 0.057108232 0)
        (0.40888224 0.057652121 0)
        (0.39604415 0.058144055 0)
        (0.38327732 0.058582213 0)
        (0.37059048 0.058964833 0)
        (0.35799233 0.059290222 0)
        (0.3454915 0.059556764 0)
        (0.33309657 0.059762926 0)
        (0.32081603 0.059907263 0)
        (0.30865828 0.059988433 0)
        (0.29663168 0.060005198 0)
        (0.28474445 0.059956432 0)
        (0.27300475 0.059841127 0)
        (0.26142062 0.059658401 0)
        (0.25 0.0594075 0)
        (0.23875072 0.059087806 0)
        (0.22768048 0.058698836 0)
        (0.21679688 0.058240252 0)
        (0.20610737 0.057711856 0)
        (0.19561929 0.057113597 0)
        (0.1853398 0.056445567 0)
        (0.17527598 0.055708005 0)
        (0.1654347 0.054901293 0)
        (0.15582271 0.054025954 0)
        (0.14644661 0.05308265 0)
        (0.13731281 0.052072177 0)
        (0.12842759 0.050995461 0)
        (0.11979702 0.049853549 0)
        (0.11142702 0.048647607 0)
        (0.10332333 0.047378909 0)
        (0.095491503 0.046048828 0)
        (0.087936906 0.044658832 0)
        (0.080664716 0.043210468 0)
        (0.073679918 0.041705353 0)
        (0.066987298 0.040145168 0)
        (0.060591444 0.03853164 0)
        (0.054496738 0.036866535 0)
        (0.048707358 0.035151643 0)
        (0.043227271 0.033388769 0)
        (0.038060234 0.031579718 0)
        (0.033209787 0.029726283 0)
        (0.028679254 0.027830236 0)
        (0.024471742 0.025893313 0)
        (0.020590133 0.023917202 0)
        (0.017037087 0.021903537 0)
        (0.01381504 0.01985388 0)
        (0.0109262 0.017769717 0)
        (0.0083725462 0.015652445 0)
        (0.0061558297 0.013503368 0)
        (0.0042775693 0.011323682 0)
        (0.0027390523 0.0091144757 0)
        (0.0015413331 0.0068767182 0)
        (0.00068523262 0.004611259 0)
        (0.00017133751 0.0023188212 0)
    )
    polyLine 2 3
    (
        (0.00017133751 -0.0023188212 0)
        (0.00068523262 -0.004611259 0)
        (0.0015413331 -0.0068767182 0)
        (0.0027390523 -0.0091144757 0)
        (0.0042775693 -0.011323682 0)
        (0.0061558297 -0.013503368 0)
        (0.0083725462 -0.015652445 0)
        (0.0109262 -0.017769717 0)
        (0.01381504 -0.01985388 0)
        (0.017037087 -0.021903537 0)
        (0.020590133 -0.023917202 0)
        (0.024471742 -0.025893313 0)
        (0.028679254 -0.027830236 0)
        (0.033209787 -0.029726283 0)
        (0.038060234 -0.031579718 0)
        (0.043227271 -0.033388769 0)
        (0.048707358 -0.035151643 0)
        (0.054496738 -0.036866535 0)
        (0.060591444 -0.03853164 0)
        (0.066987298 -0.040145168 0)
        (0.073679918 -0.041705353 0)
        (0.080664716 -0.043210468 0)
        (0.087936906 -0.044658832 0)
        (0.095491503 -0.046048828 0)
        (0.10332333 -0.047378909 0)
        (0.11142702 -0.048647607 0)
        (0.11979702 -0.049853549 0)
        (0.12842759 -0.050995461 0)
        (0.13731281 -0.052072177 0)
        (0.14644661 -0.05308265 0)
        (0.15582271 -0.054025954 0)
        (0.1654347 -0.054901293 0)
        (0.17527598 -0.055708005 0)
        (0.1853398 -0.056445567 0)
        (0.19561929 -0.057113597 0)
        (0.20610737 -0.057711856 0)
        (0.21679688 -0.058240252 0)
        (0.22768048 -0.058698836 0)
        (0.23875072 -0.059087806 0)
        (0.25 -0.0594075 0)
        (0.26142062 -0.059658401 0)
        (0.27300475 -0.059841127 0)
        (0.28474445 -0.059956432 0)
        (0.29663168 -0.060005198 0)
        (0.30865828 -0.059988433 0)
        (0.32081603 -0.059907263 0)
        (0.33309657 -0.059762926 0)
        (0.3454915 -0.059556764 0)
        (0.35799233 -0.059290222 0)
        (0.37059048 -0.058964833 0)
        (0.38327732 -0.058582213 0)
        (0.39604415 -0.058144055 0)
        (0.40888224 -0.057652121 0)
        (0.42178277 -0.057108232 0)
        (0.4347369 -0.056514262 0)
        (0.44773577 -0.055872128 0)
        (0.46077045 -0.055183788 0)
        (0.47383202 -0.054451228 0)
        (0.48691153 -0.053676457 0)
    )
    polyLine 3 0
    (
        (0.51308847 -0.052008402 0)
        (0.52616798 -0.051119199 0)
        (0.53922955 -0.050195938 0)
        (0.55226423 -0.049240658 0)
        (0.5652631 -0.048255388 0)
        (0.57821723 -0.047242149 0)
        (0.59111776 -0.046202943 0)
        (0.60395585 -0.045139755 0)
        (0.61672268 -0.044054552 0)
        (0.62940952 -0.042949278 0)
        (0.64200767 -0.041825856 0)
        (0.6545085 -0.040686184 0)
        (0.66690343 -0.039532139 0)
        (0.67918397 -0.038365575 0)
        (0.69134172 -0.037188322 0)
        (0.70336832 -0.036002191 0)
        (0.71525555 -0.03480897 0)
        (0.72699525 -0.03361043 0)
        (0.73857938 -0.032408324 0)
        (0.75 -0.03120439 0)
        (0.76124928 -0.030000351 0)
        (0.77231952 -0.028797916 0)
        (0.78320312 -0.027598786 0)
        (0.79389263 -0.02640465 0)
        (0.80438071 -0.025217191 0)
        (0.8146602 -0.024038083 0)
        (0.82472402 -0.022868997 0)
        (0.8345653 -0.021711595 0)
        (0.84417729 -0.020567537 0)
        (0.85355339 -0.019438476 0)
        (0.86268719 -0.018326063 0)
        (0.87157241 -0.017231941 0)
        (0.88020298 -0.016157745 0)
        (0.88857298 -0.015105103 0)
        (0.89667667 -0.014075635 0)
        (0.9045085 -0.013070946 0)
        (0.91206309 -0.012092626 0)
        (0.91933528 -0.011142249 0)
        (0.92632008 -0.010221368 0)
        (0.9330127 -0.0093315085 0)
        (0.93940856 -0.0084741711 0)
        (0.94550326 -0.0076508216 0)
        (0.95129264 -0.0068628897 0)
        (0.95677273 -0.0061117634 0)
        (0.96193977 -0.0053987845 0)
        (0.96679021 -0.0047252443 0)
        (0.97132075 -0.0040923784 0)
        (0.97552826 -0.0035013623 0)
        (0.97940987 -0.0029533062 0)
        (0.98296291 -0.0024492512 0)
        (0.98618496 -0.0019901642 0)
        (0.9890738 -0.0015769341 0)
        (0.99162745 -0.0012103678 0)
        (0.99384417 -0.00089118634 0)
        (0.99572243 -0.00062002175 0)
        (0.99726095 -0.00039741404 0)
        (0.99845867 -0.00022380864 0)
        (0.99931477 -9.9554236e-05 0)
        (0.99982866 -2.4901135e-05 0)
    )
    arc 4 5 (-3.5922012 11.086554 0)
    arc 5 6 (-10.086554 4.5922012 0)
    arc 6 7 (-10.086554 -4.5922012 0)
    arc 7 8 (-3.5922012 -11.086554 0)
    polyLine 12 13
    (
        (0.99982866 2.4901135e-05 0.02)
        (0.99931477 9.9554236e-05 0.02)
        (0.99845867 0.00022380864 0.02)
        (0.99726095 0.00039741404 0.02)
        (0.99572243 0.00062002175 0.02)
        (0.99384417 0.00089118634 0.02)
        (0.99162745 0.0012103678 0.02)
        (0.9890738 0.0015769341 0.02)
        (0.98618496 0.0019901642 0.02)
        (0.98296291 0.0024492512 0.02)
        (0.97940987 0.0029533062 0.02)
        (0.97552826 0.0035013623 0.02)
        (0.97132075 0.0040923784 0.02)
        (0.96679021 0.0047252443 0.02)
        (0.96193977 0.0053987845 0.02)
        (0.95677273 0.0061117634 0.02)
        (0.95129264 0.0068628897 0.02)
        (0.94550326 0.0076508216 0.02)
        (0.93940856 0.0084741711 0.02)
        (0.9330127 0.0093315085 0.02)
        (0.92632008 0.010221368 0.02)
        (0.91933528 0.011142249 0.02)
        (0.91206309 0.012092626 0.02)
        (0.9045085 0.013070946 0.02)
        (0.89667667 0.014075635 0.02)
        (0.88857298 0.015105103 0.02)
        (0.88020298 0.016157745 0.02)
        (0.87157241 0.017231941 0.02)
        (0.86268719 0.018326063 0.02)
        (0.85355339 0.019438476 0.02)
        (0.84417729 0.020567537 0.02)
        (0.8345653 0.021711595 0.02)
        (0.82472402 0.022868997 0.02)
        (0.8146602 0.024038083 0.02)
        (0.80438071 0.025217191 0.02)
        (0.79389263 0.02640465 0.02)
        (0.78320312 0.027598786 0.02)
        (0.77231952 0.028797916 0.02)
        (0.76124928 0.030000351 0.02)
        (0.75 0.03120439 0.02)
        (0.73857938 0.032408324 0.02)
        (0.72699525 0.03361043 0.02)
        (0.71525555 0.03480897 0.02)
        (0.70336832 0.036002191 0.02)
        (0.69134172 0.037188322 0.02)
        (0.67918397 0.038365575 0.02)
        (0.66690343 0.039532139 0.02)
        (0.6545085 0.040686184 0.02)
        (0.64200767 0.041825856 0.02)
        (0.62940952 0.042949278 0.02)
        (0.61672268 0.044054552 0.02)
        (0.60395585 0.045139755 0.02)
        (0.59111776 0.046202943 0.02)
        (0.57821723 0.047242149 0.02)
        (0.5652631 0.048255388 0.02)
        (0.55226423 0.049240658 0.02)
        (0.53922955 0.050195938 0.02)
        (0.52616798 0.051119199 0.02)
        (0.51308847 0.052008402 0.02)
    )
    polyLine 13 14
    (
        (0.48691153 0.053676457 0.02)
        (0.47383202 0.054451228 0.02)
        (0.46077045 0.055183788 0.02)
        (0.44773577 0.055872128 0.02)
        (0.4347369 0.056514262 0.02)
        (0.42178277 0.057108232 0.02)
        (0.40888224 0.057652121 0.02)
        (0.39604415 0.058144055 0.02)
        (0.38327732 0.058582213 0.02)
        (0.37059048 0.058964833 0.02)
        (0.35799233 0.059290222 0.02)
        (0.3454915 0.059556764 0.02)
        (0.33309657 0.059762926 0.02)
        (0.32081603 0.059907263 0.02)
        (0.30865828 0.059988433 0.02)
        (0.29663168 0.060005198 0.02)
        (0.28474445 0.059956432 0.02)
        (0.27300475 0.059841127 0.02)
        (0.26142062 0.059658401 0.02)
        (0.25 0.0594075 0.02)
        (0.23875072 0.059087806 0.02)
        (0.22768048 0.058698836 0.02)
        (0.21679688 0.058240252 0.02)
        (0.20610737 0.057711856 0.02)
        (0.19561929 0.057113597 0.02)
        (0.1853398 0.056445567 0.02)
        (0.17527598 0.055708005 0.02)
        (0.1654347 0.054901293 0.02)
        (0.15582271 0.054025954 0.02)
        (0.14644661 0.05308265 0.02)
        (0.13731281 0.052072177 0.02)
        (0.12842759 0.050995461 0.02)
        (0.11979702 0.049853549 0.02)
        (0.11142702 0.048647607 0.02)
        (0.10332333 0.047378909 0.02)
        (0.095491503 0.046048828 0.02)
        (0.087936906 0.044658832 0.02)
        (0.080664716 0.043210468 0.02)
        (0.073679918 0.041705353 0.02)
        (0.066987298 0.040145168 0.02)
        (0.060591444 0.03853164 0.02)
        (0.054496738 0.036866535 0.02)
        (0.048707358 0.035151643 0.02)
        (0.043227271 0.033388769 0.02)
        (0.038060234 0.031579718 0.02)
        (0.033209787 0.029726283 0.02)
        (0.028679254 0.027830236 0.02)
        (0.024471742 0.025893313 0.02)
        (0.020590133 0.023917202 0.02)
        (0.017037087 0.021903537 0.02)
        (0.01381504 0.01985388 0.02)
        (0.0109262 0.017769717 0.02)
        (0.0083725462 0.015652445 0.02)
        (0.0061558297 0.013503368 0.02)
        (0.0042775693 0.011323682 0.02)
        (0.0027390523 0.0091144757 0.02)
        (0.0015413331 0.0068767182 0.02)
        (0.00068523262 0.004611259 0.02)
        (0.00017133751 0.0023188212 0.02)
    )
    polyLine 14 15
    (
        (0.00017133751 -0.0023188212 0.02)
        (0.00068523262 -0.004611259 0.02)
        (0.0015413331 -0.0068767182 0.02)
        (0.0027390523 -0.0091144757 0.02)
        (0.0042775693 -0.011323682 0.02)
        (0.0061558297 -0.013503368 0.02)
        (0.0083725462 -0.015652445 0.02)
        (0.0109262 -0.017769717 0.02)
        (0.01381504 -0.01985388 0.02)
        (0.017037087 -0.021903537 0.02)
        (0.020590133 -0.023917202 0.02)
        (0.024471742 -0.025893313 0.02)
        (0.028679254 -0.027830236 0.02)
        (0.033209787 -0.029726283 0.02)
        (0.038060234 -0.031579718 0.02)
        (0.043227271 -0.033388769 0.02)
        (0.048707358 -0.035151643 0.02)
        (0.054496738 -0.036866535 0.02)
        (0.060591444 -0.03853164 0.02)
        (0.066987298 -0.040145168 0.02)
        (0.073679918 -0.041705353 0.02)
        (0.080664716 -0.043210468 0.02)
        (0.087936906 -0.044658832 0.02)
        (0.095491503 -0.046048828 0.02)
        (0.10332333 -0.047378909 0.02)
        (0.11142702 -0.048647607 0.02)
        (0.11979702 -0.049853549 0.02)
        (0.12842759 -0.050995461 0.02)
        (0.13731281 -0.052072177 0.02)
        (0.14644661 -0.05308265 0.02)
        (0.15582271 -0.054025954 0.02)
        (0.1654347 -0.054901293 0.02)
        (0.17527598 -0.055708005 0.02)
        (0.1853398 -0.056445567 0.02)
        (0.19561929 -0.057113597 0.02)
        (0.20610737 -0.057711856 0.02)
        (0.21679688 -0.058240252 0.02)
        (0.22768048 -0.058698836 0.02)
        (0.23875072 -0.059087806 0.02)
        (0.25 -0.0594075 0.02)
        (0.26142062 -0.059658401 0.02)
        (0.27300475 -0.059841127 0.02)
        (0.28474445 -0.059956432 0.02)
        (0.29663168 -0.060005198 0.02)
        (0.30865828 -0.059988433 0.02)
        (0.32081603 -0.059907263 0.02)
        (0.33309657 -0.059762926 0.02)
        (0.3454915 -0.059556764 0.02)
        (0.35799233 -0.059290222 0.02)
        (0.37059048 -0.058964833 0.02)
        (0.38327732 -0.058582213 0.02)
        (0.39604415 -0.058144055 0.02)
        (0.40888224 -0.057652121 0.02)
        (0.42178277 -0.057108232 0.02)
        (0.4347369 -0.056514262 0.02)
        (0.44773577 -0.055872128 0.02)
        (0.46077045 -0.055183788 0.02)
        (0.47383202 -0.054451228 0.02)
        (0.48691153 -0.053676457 0.02)
    )
    polyLine 15 12
    (
        (0.51308847 -0.052008402 0.02)
        (0.52616798 -0.051119199 0.02)
        (0.53922955 -0.050195938 0.02)
        (0.55226423 -0.049240658 0.02)
        (0.5652631 -0.048255388 0.02)
        (0.57821723 -0.047242149 0.02)
        (0.59111776 -0.046202943 0.02)
        (0.60395585 -0.045139755 0.02)
        (0.61672268 -0.044054552 0.02)
        (0.62940952 -0.042949278 0.02)
        (0.64200767 -0.041825856 0.02)
        (0.6545085 -0.040686184 0.02)
        (0.66690343 -0.039532139 0.02)
        (0.67918397 -0.038365575 0.02)
        (0.69134172 -0.037188322 0.02)
        (0.70336832 -0.036002191 0.02)
        (0.71525555 -0.03480897 0.02)
        (0.72699525 -0.03361043 0.02)
        (0.73857938 -0.032408324 0.02)
        (0.75 -0.03120439 0.02)
        (0.76124928 -0.030000351 0.02)
        (0.77231952 -0.028797916 0.02)
        (0.78320312 -0.027598786 0.02)
        (0.79389263 -0.02640465 0.02)
        (0.80438071 -0.025217191 0.02)
        (0.8146602 -0.024038083 0.02)
        (0.82472402 -0.022868997 0.02)
        (0.8345653 -0.021711595 0.02)
        (0.84417729 -0.020567537 0.02)
        (0.85355339 -0.019438476 0.02)
        (0.86268719 -0.018326063 0.02)
        (0.87157241 -0.017231941 0.02)
        (0.88020298 -0.016157745 0.02)
        (0.88857298 -0.015105103 0.02)
        (0.89667667 -0.014075635 0.02)
        (0.9045085 -0.013070946 0.02)
        (0.91206309 -0.012092626 0.02)
        (0.91933528 -0.011142249 0.02)
        (0.92632008 -0.010221368 0.02)
        (0.9330127 -0.0093315085 0.02)
        (0.93940856 -0.0084741711 0.02)
        (0.94550326 -0.0076508216 0.02)
        (0.95129264 -0.0068628897 0.02)
        (0.95677273 -0.0061117634 0.02)
        (0.96193977 -0.0053987845 0.02)
        (0.96679021 -0.0047252443 0.02)
        (0.97132075 -0.0040923784 0.02)
        (0.97552826 -0.0035013623 0.02)
        (0.97940987 -0.0029533062 0.02)
        (0.98296291 -0.0024492512 0.02)
        (0.98618496 -0.0019901642 0.02)
        (0.9890738 -0.0015769341 0.02)
        (0.99162745 -0.0012103678 0.02)
        (0.99384417 -0.00089118634 0.02)
        (0.99572243 -0.00062002175 0.02)
        (0.99726095 -0.00039741404 0.02)
        (0.99845867 -0.00022380864 0.02)
        (0.99931477 -9.9554236e-05 0.02)
        (0.99982866 -2.4901135e-05 0.02)
    )
    arc 16 17 (-3.5922012 11.086554 0.02)
    arc 17 18 (-10.086554 4.5922012 0.02)
    arc 18 19 (-10.086554 -4.5922012 0.02)
    arc 19 20 (-3.5922012 -11.086554 0.02)
);

boundary
(
    aerofoil
    {
        type wall;
        faces
        (
            (0 1 13 12)
            (1 2 14 13)
            (2 3 15 14)
            (3 0 12 15)
        );
    }

    inlet
    {
        type patch;
        faces
        (
            (4 5 17 16)
            (5 6 18 17)
            (6 7 19 18)
            (7 8 20 19)
        );
    }

    outlet
    {
        type patch;
        faces
        (
            (9 10 22 21)
            (10 11 23 22)
        );
    }

    topAndBottom
    {
        type patch;
        faces
        (
            (4 9 21 16)
            (11 8 20 23)
        );
    }

    frontAndBack
    {
        type empty;
        faces
        (
            (0 4 5 1)
            (1 5 6 2)
            (2 6 7 3)
            (3 7 8 0)
            (0 10 9 4)
            (0 8 11 10)
            (13 17 16 12)
            (14 18 17 13)
            (15 19 18 14)
            (12 20 19 15)
            (16 21 22 12)
            (22 23 20 12)
        );
    }
);

